name: pristi
channels:
  - conda-forge
  - defaults
dependencies:
  - asttokens=2.4.1=pyhd8ed1ab_0
  - bzip2=1.0.8=h2bbff1b_6
  - ca-certificates=2024.9.24=haa95532_0
  - colorama=0.4.6=pyhd8ed1ab_0
  - comm=0.2.2=pyhd8ed1ab_0
  - cpython=3.11.10=py311hd8ed1ab_3
  - debugpy=1.8.8=py311hda3d55a_0
  - decorator=5.1.1=pyhd8ed1ab_0
  - exceptiongroup=1.2.2=pyhd8ed1ab_0
  - executing=2.1.0=pyhd8ed1ab_0
  - importlib-metadata=8.5.0=pyha770c72_0
  - ipykernel=6.29.5=pyh4bbf305_0
  - ipython=8.29.0=pyh7428d3b_0
  - jedi=0.19.2=pyhff2d567_0
  - jupyter_client=8.6.3=pyhd8ed1ab_0
  - jupyter_core=5.7.2=pyh5737063_1
  - krb5=1.21.3=hdf4eb48_0
  - libffi=3.4.4=hd77b12b_1
  - libsodium=1.0.20=hc70643c_0
  - matplotlib-inline=0.1.7=pyhd8ed1ab_0
  - nest-asyncio=1.6.0=pyhd8ed1ab_0
  - openssl=3.4.0=h2466b09_0
  - packaging=24.2=pyhff2d567_1
  - parso=0.8.4=pyhd8ed1ab_0
  - pickleshare=0.7.5=py_1003
  - pip=24.2=py311haa95532_0
  - platformdirs=4.3.6=pyhd8ed1ab_0
  - prompt-toolkit=3.0.48=pyha770c72_0
  - psutil=6.1.0=py311he736701_0
  - pure_eval=0.2.3=pyhd8ed1ab_0
  - pygments=2.18.0=pyhd8ed1ab_0
  - python=3.11.10=h4607a30_0
  - python-dateutil=2.9.0.post0=pyhff2d567_0
  - python_abi=3.11=2_cp311
  - pywin32=307=py311hda3d55a_3
  - pyzmq=26.2.0=py311h484c95c_3
  - setuptools=75.1.0=py311haa95532_0
  - six=1.16.0=pyh6c4a22f_0
  - sqlite=3.45.3=h2bbff1b_0
  - stack_data=0.6.2=pyhd8ed1ab_0
  - tk=8.6.14=h0416ee5_0
  - tornado=6.4.1=py311he736701_1
  - traitlets=5.14.3=pyhd8ed1ab_0
  - typing_extensions=4.12.2=pyha770c72_0
  - ucrt=10.0.22621.0=h57928b3_1
  - vc=14.40=h2eaa2aa_1
  - vc14_runtime=14.42.34433=he29a5d6_23
  - vs2015_runtime=14.42.34433=hdffcdeb_23
  - wcwidth=0.2.13=pyhd8ed1ab_0
  - wheel=0.44.0=py311haa95532_0
  - xz=5.4.6=h8cc25b3_1
  - zeromq=4.3.5=ha9f60a1_7
  - zipp=3.21.0=pyhd8ed1ab_0
  - zlib=1.2.13=h8cc25b3_1
  - pip:
      - contourpy==1.3.1
      - cycler==0.12.1
      - fonttools==4.55.0
      - imbalanced-learn==0.12.4
      - imblearn==0.0
      - joblib==1.4.2
      - kiwisolver==1.4.7
      - matplotlib==3.9.2
      - networkx==3.4.2
      - numpy==2.1.3
      - pandas==2.2.3
      - patsy==1.0.1
      - pillow==11.0.0
      - pyparsing==3.2.0
      - pytz==2024.2
      - scikit-learn==1.5.2
      - scipy==1.14.1
      - seaborn==0.13.2
      - statsmodels==0.14.4
      - threadpoolctl==3.5.0
      - tzdata==2024.2
      - xgboost==2.1.2
